0 18375711.9906
1 10319433.0147
2 5252431.43593
3 4851022.01582
4 3911417.14782
5 1824308.7161
6 1469916.15062
7 1088364.24771
8 1033829.75062
9 848306.589152
10 772744.604214
11 723828.953727
12 671406.675177
13 659547.695041
14 612889.21672
15 588284.400144
16 580251.102259
17 555659.378194
18 541149.80523
19 538209.733057
20 521917.111863
21 512028.117503
22 504982.167113
23 500534.530582
24 492925.851558
25 487626.021065
26 486824.750058
27 480122.304855
28 475651.135994
29 472318.162643
30 471518.137737
31 467250.636458
32 464260.928667
33 461956.054292
34 461529.302
35 458465.346572
36 456270.881258
37 454556.743063
38 454548.266945
39 452131.738653
40 450393.433278
41 449036.702498
42 447901.367138
43 447362.533099
44 445894.071148
45 444759.575734
46 443819.229122
47 443673.503
48 442349.991744
49 441346.628141
50 440529.251009
51 439824.398227
52 439487.209414
53 438550.405714
54 437805.222006
55 437174.97954
56 437141.00298
57 436215.600133
58 435501.078801
59 434912.354674
60 434399.764919
61 434236.092163
62 433515.549689
63 432940.345444
64 432452.108999
65 432017.384337
66 431783.21687
67 431193.859133
68 430709.006337
69 430287.613772
70 430263.600669
71 429628.955901
72 429125.360474
73 428700.777972
74 428323.986322
75 428215.917006
76 427668.461263
77 427222.947217
78 426838.51026
79 426491.194369
80 426318.246885
81 425830.447147
82 425423.343746
83 425064.897991
84 424735.695987
85 424507.510861
86 424059.463995
87 423677.100582
88 423333.898041
89 423247.761413
90 422734.80327
91 422312.520892
92 421944.143765
93 421607.877261
94 421443.92743
95 420960.871633
96 420553.37161
97 420190.924683
98 420190.40444
99 419618.214059
100 419153.268462
