0 6053294.16578
1 3787218.159
2 2366287.65187
3 1951604.29533
4 1520429.75032
5 1085715.71456
6 948215.211216
7 846372.811467
8 777870.819749
9 724476.004432
10 685097.713619
11 653922.067142
12 632032.929672
13 616252.951441
14 611306.258529
15 564395.630651
16 537258.750212
17 510297.767098
18 508609.451847
19 493899.798034
20 492830.506219
21 481813.541928
22 478670.02613
23 477003.644788
24 472376.112239
25 470618.928547
26 465204.540402
27 463413.659565
28 462965.040106
29 459285.080128
30 457762.927348
31 457254.925433
32 454500.334103
33 453271.332196
34 452982.414413
35 450548.955638
36 449589.998513
37 449571.264809
38 447265.40643
39 446592.49486
40 445370.761522
41 445256.239953
42 442977.043925
43 442697.691696
44 441450.992626
45 440906.80492
46 440127.132018
47 439944.016942
48 438400.3175
49 438232.358198
50 437288.70777
51 436935.213267
52 436302.919368
53 435872.161876
54 435830.604413
55 434955.030512
56 434733.643048
57 434137.264741
58 433830.400003
59 433393.474586
60 433049.976338
61 432989.039068
62 432356.666903
63 432191.496209
64 431724.902226
65 431503.441999
66 431142.696172
67 430892.904595
68 430602.081723
69 430563.243845
70 429886.552663
71 429630.494519
72 429607.110584
73 428998.780807
74 428769.15906
75 428568.713918
76 428547.156013
77 428169.517518
78 428105.385673
79 427796.598283
80 427704.80543
81 427446.621809
82 427337.237278
83 427117.027662
84 426996.917136
85 426805.782924
86 426679.662874
87 426511.225129
88 426382.351857
89 426231.960153
90 426102.586505
91 425966.794269
92 425961.511141
93 425616.925675
94 425479.44225
95 425376.082183
96 425250.117678
97 425147.791735
98 425031.527451
99 424930.980416
100 424822.970217
