0 5436651.53112
1 4434240.26851
2 4159592.13228
3 3394153.22938
4 2083797.49058
5 1744494.04662
6 1227135.77294
7 1065565.43423
8 1027280.6773
9 868411.44909
10 820794.934085
11 756966.110134
12 719939.674451
13 684519.261778
14 657321.953293
15 633998.04792
16 614265.248115
17 597190.058509
18 583056.088061
19 569528.938492
20 559773.543695
21 548262.021781
22 542204.349507
23 531650.448581
24 529081.759512
25 518577.181044
26 512816.093404
27 508259.500164
28 502638.866043
29 500410.288847
30 494413.881757
31 490795.104286
32 487842.739952
33 484108.966644
34 482912.291554
35 478639.168369
36 476039.077412
37 474324.014095
38 471443.402293
39 471321.764913
40 467718.35428
41 465613.017128
42 464940.320476
43 462379.911037
44 460761.697067
45 459868.669309
46 457950.695895
47 456655.410746
48 455698.6647
49 454197.285298
50 454193.558673
51 452187.677952
52 450971.146499
53 450769.482269
54 449172.028619
55 448159.02217
56 447851.760262
57 446541.575122
58 445681.209289
59 445320.678324
60 444221.945936
61 443477.546045
62 443094.236799
63 442153.410204
64 441500.196829
65 441111.292866
66 440292.50283
67 439711.346861
68 439326.436696
69 438602.588599
70 438079.756905
71 437703.612914
72 437055.543065
73 436579.821613
74 436214.381533
75 435626.7565
76 435189.692598
77 434835.039684
78 434296.52371
79 433890.877473
80 433545.982938
81 433047.032564
82 432667.117681
83 432330.200811
84 431863.492818
85 431846.285069
86 431173.724849
87 430732.469956
88 430696.180557
89 430062.114146
90 429641.524581
91 429586.923962
92 428984.548185
93 428579.80346
94 428507.060406
95 427929.588786
96 427537.104273
97 427445.508955
98 426888.114429
99 426504.155138
100 426392.743221
