0 3750166.06738
1 3277272.23483
2 1574278.84556
3 1400842.31464
4 869819.523705
5 634492.395626
6 573337.90352
7 568633.789619
8 523470.930806
9 491976.089781
10 470472.664705
11 453983.396137
12 441192.293041
13 430718.873082
14 422110.209268
15 414822.542801
16 408676.716411
17 403400.281396
18 398928.770814
19 395102.9079
20 391927.444055
21 389301.489245
22 387294.027467
23 385841.709544
24 385099.104185
25 385032.743624
26 370812.916795
27 366725.848337
28 356974.212694
29 356146.698803
30 355810.581553
31 355769.863209
32 353208.527872
33 352166.690588
34 350313.692476
35 349708.152643
36 348094.023081
37 347979.989455
38 346354.643885
39 346020.46858
40 345934.430345
41 345251.473168
42 344860.550726
43 344058.002507
44 343775.772764
45 343690.367044
46 343281.07913
47 342960.216693
48 342419.044898
49 342213.918132
50 342157.274155
51 341842.04328
52 341647.533055
53 341189.307458
54 341052.327775
55 341028.144109
56 340739.85885
57 340685.232469
58 340223.532516
59 340151.742774
60 339954.051412
61 339840.171391
62 339516.033771
63 339433.644129
64 339430.350998
65 339199.157564
66 339095.996134
67 339071.292565
68 338900.721491
69 338842.438839
70 338541.517995
71 338487.484834
72 338344.290759
73 338267.621338
74 338010.88309
75 337951.964092
76 337824.851766
77 337735.966384
78 337504.972559
79 337441.846639
80 337441.570002
81 337254.809444
82 337174.301693
83 337158.419577
84 337004.668162
85 336985.24641
86 336686.655802
87 336650.937891
88 336499.716465
89 336467.536909
90 336170.984088
91 336128.912282
92 335975.713407
93 335931.826993
94 335628.98441
95 335580.440461
96 335421.411875
97 335366.811823
98 335050.305009
99 334995.384679
100 334827.016554
101 334763.392383
102 334426.224207
103 334365.560155
104 334184.492911
105 334114.938657
106 333750.093126
107 333685.174047
108 333488.069334
109 333417.770787
110 333017.906014
111 332951.381222
112 332734.818899
113 332671.681521
114 332228.853659
115 332164.788306
116 331925.161116
117 331880.299854
118 331385.67817
119 331329.713682
120 331063.097831
121 331051.102854
122 330494.650776
123 330454.034133
124 330156.022872
125 329994.222959
126 329958.174019
127 329686.135863
128 329648.135875
129 329084.243333
130 329033.111119
131 328730.438278
132 328559.067509
133 328519.393102
134 328243.355918
135 328198.653224
136 327625.401462
137 327575.265163
138 327265.961137
139 327095.082037
140 327057.913581
141 326774.919302
142 326745.875177
143 326157.303158
144 326115.839439
145 325800.649238
146 325636.237574
147 325603.976496
148 325316.77941
149 325315.098337
150 324712.552744
151 324686.998467
152 324364.846241
153 324213.159226
154 324189.631694
155 323895.720382
156 323734.408847
157 323700.323818
158 323432.660018
159 323415.696833
160 322856.986016
161 322826.80685
162 322527.7808
163 322381.718162
164 322357.083465
165 322084.749616
166 321930.513477
167 321896.358059
168 321648.829934
169 321622.033933
170 321108.052839
171 321074.832664
172 320799.910324
173 320660.74501
174 320635.262081
175 320385.666929
176 320239.155678
177 320204.863326
178 319978.732458
179 319940.313029
180 319474.262002
181 319436.681804
182 319187.604584
183 319054.599196
184 319027.427441
185 318802.272045
186 318790.538187
187 318325.357501
188 318299.169801
189 318053.872882
190 317931.902575
191 317909.51008
192 317689.635903
193 317560.689751
194 317530.060092
195 317332.307381
196 317291.99262
197 316889.644348
198 316851.372289
199 316638.723683
200 316518.722793
